1763075481.545026 26.368905
1763075481.545244 135.118518
1763075481.545373 51.098120
1763075481.545502 135.118518
1763075481.545653 41.725719
1763075481.545791 213.044013
1763075481.545829 300.487451
1763075481.545951 45.089942
1763075481.546075 273.913731
1763075481.546109 291.777670
1763075481.546141 309.733218
1763075481.546322 28.988710
1763075481.546527 123.135530
1763075481.546585 259.776248
1763075481.546619 289.678550
1763075481.546652 309.733218
1763075481.547771 4.347837
1763075481.549661 6.110991
1763075481.550556 43.624397
1763075481.550732 73.343021
1763075481.550860 75.544687
1763075481.550984 79.418774
1763075481.552336 3.717943
1763075481.553848 21.765037
1763075481.554152 57.195055
1763075481.554304 70.517195
1763075481.554451 60.367794
1763075481.554593 77.433305
1763075481.554715 80.692021
1763075481.555466 6.936317
1763075481.556257 48.747359
1763075481.556434 61.100635
1763075481.556628 41.596403
1763075481.557043 15.997345
1763075481.557487 33.332217
1763075481.557709 61.193493
1763075481.557853 73.746004
1763075481.557979 79.418774
1763075481.558099 79.891505
1763075481.558286 37.950347
1763075481.558470 82.174119
1763075481.558594 73.209670
1763075481.558739 60.732004
1763075481.558959 33.921919
1763075481.559427 14.727622
1763075481.559998 19.632042
1763075481.560499 18.641351
1763075481.560853 49.710270
1763075481.561015 74.427576
1763075481.561617 8.922074
1763075481.562285 36.940659
1763075481.564528 2.271540
1763075481.566851 22.917085
1763075481.567357 16.190317
1763075481.567738 56.791704
1763075481.567933 43.249536
1763075481.568990 5.076313
1763075481.570054 40.346010
1763075481.570238 74.427576
1763075481.570364 76.842211
1763075481.570487 79.262438
1763075481.570764 22.221478
1763075481.574160 1.509704
1763075481.577497 30.274675
1763075481.577713 84.237068
1763075481.578239 10.224814
1763075481.578823 42.251121
1763075481.579076 34.297545
1763075481.579363 32.656382
1763075481.579590 60.007926
1763075481.579775 45.497535
1763075481.579996 41.725719
1763075481.580351 20.002642
1763075481.581128 8.937918
1763075481.581769 45.964975
1763075481.581953 61.100635
1763075481.582058 178.165126
1763075481.582103 258.111015
1763075481.582152 160.419595
1763075481.582223 117.050344
1763075481.582288 199.333259
1763075481.582387 64.014815
1763075481.582502 118.776750
1763075481.582562 245.520234
1763075481.582598 291.777670
1763075481.582632 289.678550
1763075481.582663 319.566019
1763075481.582693 332.771226
1763075481.582748 117.050344
1763075481.620010 0.644796
1763075481.663495 167.063291
1763075481.675612 137.740496
1763075481.687350 51.402534
1763075481.693411 1483.317155
1763075481.699358 71.548770
1763075481.705286 1920.299061
1763075481.710680 0.916642
1763075481.716058 403.999850
1763075481.721964 24.985202
1763075481.727925 1094.093184
